(11, 2) <- (11, 1){18, 22}{18}
(1, 0) <- (2, 0){3, 24}{24}
(11, 8) <- (13, 8){14, 21}{14}
(12, 1) <- (12, 0){16, 18, 22}{16}
(13, 2) <- (14, 2){15, 16, 18, 22}{15}
(17, 8) <- (18, 8){11, 14, 21}{11}
(20, 8) <- (21, 8){7, 11, 14, 21}{7}
(12, 18) <- (18, 17){13, 19}{13}
(10, 20) <- (14, 19){13, 19, 20}{13, 19}
(17, 1) <- (18, 1){9, 15, 16, 18, 22}{9}
(11, 20) <- (11, 21){13, 17, 19, 20}{17}
(21, 12) <- (20, 13){6, 7, 11, 14, 21}{6}
(4, 10) <- (3, 11){2, 6, 7, 11, 14, 21}{2}
(11, 17) <- (8, 21){2, 6, 7, 11, 13, 14, 17, 19, 20, 21}{13, 17, 19, 20}
(16, 22) <- (16, 23){2, 6, 7, 11, 12, 13, 14, 17, 19, 20, 21}{12}
(4, 20) <- (6, 20){1, 2, 6, 7, 11, 12, 13, 14, 17, 19, 20, 21}{1}
(4, 23) <- (5, 23){1, 2, 6, 7, 11, 12, 13, 14, 17, 19, 20, 21, 23}{23}
(21, 20) <- (21, 21){1, 2, 5, 6, 7, 11, 12, 13, 14, 17, 19, 20, 21, 23}{5}
(0, 17) <- (0, 18){1, 2, 5, 6, 7, 11, 12, 13, 14, 17, 19, 20, 21, 23, 25}{25}
(20, 21) <- (13, 22){1, 2, 5, 6, 7, 8, 11, 12, 13, 14, 17, 19, 20, 21, 23, 25}{1, 2, 5, 6, 7, 11, 12, 13, 14, 17, 19, 20, 21, 23, 25}
(21, 22) <- (21, 23){1, 2, 4, 5, 6, 7, 8, 11, 12, 13, 14, 17, 19, 20, 21, 23, 25}{4}
(19, 22) <- (19, 23){1, 2, 4, 5, 6, 7, 8, 10, 11, 12, 13, 14, 17, 19, 20, 21, 23, 25}{10}
